R 0 1 2 3 4 5 6 7 8 9 10 11 12 13 14 15 16 17 18 19 20 21 22 23 24 25 26 27 28 29 30 31 32 33 34 35 36 37 38 39 40 41 42 43 44 45 46 47 48 49 50 51 52 53 54 55 56 57 58 59 60 61 62 63 64 65 66 67 68 69 70 71 72 73 74 75 76 77 78 79 80 81 82 83 84 85 86 87 88 89 90 91 92 93 94 95 96 97 98 99 100 101 102 103 104 105 106 107 108 109 110 111 112 113 114 115 116 117 118 119 120 121 122 123 124 125 126 127 128 129 130 131 132 133 134 135 136 137 138 139 140 141 142 143 144 145 146 147 148 149 150 151 152 153 154 155 156 157 158 159 160 161 162 163 164 165 166 167 168 169 170 171 172 173 174 175 176 177 178 179 180 181 182 183 184 185 186 187 188 189 190 191 192 193 194 195 196 197 198 199 200 201 202 203 204 205 206 207 208 209 210 211 212 213 214 215 216 217 218 219 220 221 222 223 224 225 226 227 228 229 230 231 232 233 234 235 236 237 238 239 240 241 242 243 244 245 246 247 248 249 250 251 252 253 254 255
TICK
MPP X0*X80 X81*X5 X16*X82 X18*X83 X1*X93 X4*X92 X17*X90 X91*X19 X97*X84 X96*X85 X33*X86 X35*X87 X32*X88 X89*X34 X98*X94 X99*X95 X2*X250 X248*X7 X181*X31 X29*X183 X138*X3 X137*X6 X149*X30 X28*X150 X249*X254 X251*X255 X182*X54 X180*X52 X151*X55 X148*X53 X139*X253 X136*X252 X8*X116 X117*X13 X20*X118 X22*X119 X9*X129 X128*X12 X21*X126 X127*X23 X120*X133 X121*X132 X65*X122 X123*X67 X64*X124 X66*X125 X130*X134 X131*X135 X10*X242 X240*X15 X27*X213 X25*X215 X11*X143 X140*X14 X144*X26 X24*X147 X241*X246 X243*X247 X214*X78 X212*X76 X146*X79 X145*X77 X245*X142 X244*X141 X152*X36 X41*X153 X161*X102 X160*X100 X40*X165 X164*X37 X158*X103 X101*X159 X169*X157 X168*X156 X163*X45 X162*X47 X154*X44 X155*X46 X170*X167 X171*X166 X232*X38 X233*X43 X113*X177 X115*X179 X42*X172 X175*X39 X112*X228 X114*X230 X234*X238 X235*X239 X178*X50 X48*X176 X51*X231 X49*X229 X237*X174 X236*X173 X216*X58 X217*X63 X108*X205 X209*X110 X206*X62 X210*X59 X109*X223 X222*X111 X218*X226 X219*X227 X208*X74 X72*X204 X75*X221 X73*X220 X225*X211 X224*X207 X56*X186 X187*X61 X107*X199 X105*X198 X193*X60 X192*X57 X106*X188 X104*X189 X201*X191 X200*X190 X196*X69 X197*X71 X184*X68 X185*X70 X202*X195 X194*X203
OBSERVABLE_INCLUDE(0) rec[-127] rec[-111] rec[-56] rec[-40]
OBSERVABLE_INCLUDE(1) rec[-126] rec[-123] rec[-29] rec[-24]
OBSERVABLE_INCLUDE(2) rec[-124] rec[-100] rec[-19] rec[-7]
OBSERVABLE_INCLUDE(3) rec[-126] rec[-112] rec[-96] rec[-78]
OBSERVABLE_INCLUDE(4) rec[-125] rec[-108] rec[-19] rec[-11]
OBSERVABLE_INCLUDE(5) rec[-126] rec[-107] rec[-29] rec[-8]
OBSERVABLE_INCLUDE(6) rec[-128] rec[-112] rec[-61] rec[-45]
OBSERVABLE_INCLUDE(7) rec[-123] rec[-99] rec[-29] rec[-12]
OBSERVABLE_INCLUDE(8) rec[-128] rec[-98] rec[-32] rec[-2]
OBSERVABLE_INCLUDE(9) rec[-128] rec[-99] rec[-96] rec[-67]
OBSERVABLE_INCLUDE(10) rec[-128] rec[-98] rec[-64] rec[-34]
OBSERVABLE_INCLUDE(11) rec[-108] rec[-100] rec[-23] rec[-19]
OBSERVABLE_INCLUDE(12) rec[-92] rec[-73] rec[-19] rec[-1]
OBSERVABLE_INCLUDE(13) rec[-121] rec[-112] rec[-21] rec[-16]
OBSERVABLE_INCLUDE(14) rec[-128] rec[-98] rec[-50] rec[-48]
OBSERVABLE_INCLUDE(15) rec[-76] rec[-73] rec[-19] rec[-17]
OBSERVABLE_INCLUDE(16) rec[-88] rec[-76] rec[-19] rec[-14]
OBSERVABLE_INCLUDE(17) rec[-128] rec[-112] rec[-21] rec[-5]
OBSERVABLE_INCLUDE(18) rec[-128] rec[-115] rec[-80] rec[-67]
OBSERVABLE_INCLUDE(19) rec[-128] rec[-125] rec[-48] rec[-45]
OBSERVABLE_INCLUDE(20) rec[-128] rec[-117] rec[-32] rec[-25]
OBSERVABLE_INCLUDE(21) rec[-116] rec[-100] rec[-19] rec[-3]
OBSERVABLE_INCLUDE(22) rec[-128] rec[-112] rec[-52] rec[-36]
OBSERVABLE_INCLUDE(23) rec[-128] rec[-112] rec[-83] rec[-67]
OBSERVABLE_INCLUDE(24) rec[-59] rec[-53] rec[-29] rec[-17]
OBSERVABLE_INCLUDE(25) rec[-127] rec[-97] rec[-57] rec[-37]
OBSERVABLE_INCLUDE(26) rec[-128] rec[-105] rec[-32] rec[-5]
OBSERVABLE_INCLUDE(27) rec[-117] rec[-112] rec[-32] rec[-9]
OBSERVABLE_INCLUDE(28) rec[-96] rec[-80] rec[-53] rec[-37]
OBSERVABLE_INCLUDE(29) rec[-92] rec[-77] rec[-51] rec[-43]
OBSERVABLE_INCLUDE(30) rec[-96] rec[-80] rec[-29] rec[-13]
OBSERVABLE_INCLUDE(31) rec[-96] rec[-80] rec[-57] rec[-41]
OBSERVABLE_INCLUDE(32) rec[-124] rec[-108] rec[-90] rec[-74]
OBSERVABLE_INCLUDE(33) rec[-96] rec[-89] rec[-64] rec[-53]
TICK
MPP Y0*Y8 Y1*Y9 Y2*Y10 Y11*Y3 Y25*Y4 Y24*Y5 Y6*Y22 Y23*Y7 Y12*Y29 Y28*Y13 Y18*Y14 Y19*Y15 Y16*Y20 Y17*Y21 Y26*Y30 Y27*Y31 Y32*Y247 Y35*Y244 Y132*Y55 Y52*Y135 Y65*Y33 Y34*Y66 Y78*Y54 Y77*Y53 Y253*Y245 Y246*Y254 Y98*Y134 Y97*Y133 Y99*Y76 Y96*Y79 Y64*Y255 Y67*Y252 Y58*Y36 Y40*Y62 Y56*Y38 Y42*Y60 Y105*Y37 Y104*Y41 Y110*Y39 Y43*Y111 Y115*Y59 Y114*Y63 Y57*Y100 Y101*Y61 Y108*Y102 Y109*Y103 Y112*Y106 Y113*Y107 Y200*Y44 Y203*Y47 Y51*Y227 Y48*Y224 Y74*Y45 Y73*Y46 Y50*Y69 Y49*Y70 Y202*Y237 Y201*Y238 Y225*Y170 Y169*Y226 Y171*Y71 Y168*Y68 Y75*Y239 Y72*Y236 Y80*Y118 Y122*Y84 Y145*Y139 Y144*Y138 Y85*Y141 Y81*Y140 Y137*Y117 Y136*Y121 Y123*Y151 Y150*Y119 Y83*Y147 Y146*Y87 Y82*Y116 Y120*Y86 Y149*Y143 Y148*Y142 Y88*Y212 Y91*Y215 Y183*Y127 Y180*Y124 Y129*Y90 Y89*Y130 Y241*Y182 Y242*Y181 Y250*Y213 Y249*Y214 Y125*Y94 Y93*Y126 Y243*Y95 Y240*Y92 Y131*Y251 Y128*Y248 Y154*Y197 Y198*Y159 Y179*Y222 Y176*Y221 Y206*Y158 Y155*Y211 Y178*Y191 Y177*Y186 Y232*Y199 Y234*Y196 Y220*Y167 Y165*Y223 Y190*Y166 Y187*Y164 Y235*Y207 Y233*Y210 Y152*Y205 Y208*Y157 Y185*Y174 Y188*Y172 Y194*Y156 Y192*Y153 Y217*Y175 Y219*Y173 Y204*Y231 Y209*Y230 Y160*Y189 Y184*Y162 Y216*Y161 Y218*Y163 Y193*Y228 Y195*Y229
OBSERVABLE_INCLUDE(0) rec[-121] rec[-113] rec[-77] rec[-71] rec[-59] rec[-33] rec[-23] rec[-15]
OBSERVABLE_INCLUDE(1) rec[-124] rec[-116] rec[-7] rec[-3]
OBSERVABLE_INCLUDE(2) rec[-127] rec[-110] rec[-56] rec[-37]
OBSERVABLE_INCLUDE(3) rec[-94] rec[-71] rec[-52] rec[-40]
OBSERVABLE_INCLUDE(4) rec[-86] rec[-75] rec[-22] rec[-11]
OBSERVABLE_INCLUDE(5) rec[-90] rec[-71] rec[-26] rec[-7]
OBSERVABLE_INCLUDE(6) rec[-128] rec[-118] rec[-94] rec[-88] rec[-64] rec[-40] rec[-30] rec[-6]
OBSERVABLE_INCLUDE(7) rec[-124] rec[-105] rec[-49] rec[-35]
OBSERVABLE_INCLUDE(8) rec[-96] rec[-72] rec[-62] rec[-55] rec[-32] rec[-4]
OBSERVABLE_INCLUDE(9) rec[-128] rec[-105] rec[-32] rec[-5]
OBSERVABLE_INCLUDE(10) rec[-62] rec[-48] rec[-32] rec[-14]
OBSERVABLE_INCLUDE(11) rec[-78] rec[-75] rec[-61] rec[-56]
OBSERVABLE_INCLUDE(12) rec[-54] rec[-44] rec[-22] rec[-12]
OBSERVABLE_INCLUDE(13) rec[-94] rec[-65] rec[-25] rec[-8]
OBSERVABLE_INCLUDE(14) rec[-128] rec[-104] rec[-94] rec[-70] rec[-62] rec[-56] rec[-32] rec[-22]
OBSERVABLE_INCLUDE(15) rec[-125] rec[-123] rec[-77] rec[-75] rec[-54] rec[-50] rec[-22] rec[-18]
OBSERVABLE_INCLUDE(16) rec[-125] rec[-101] rec[-81] rec[-75] rec[-54] rec[-50] rec[-22] rec[-18]
OBSERVABLE_INCLUDE(17) rec[-128] rec[-117] rec[-94] rec[-65] rec[-32] rec[-8]
OBSERVABLE_INCLUDE(18) rec[-96] rec[-93] rec[-32] rec[-29]
OBSERVABLE_INCLUDE(19) rec[-128] rec[-118] rec[-94] rec[-88] rec[-64] rec[-54] rec[-30] rec[-24]
OBSERVABLE_INCLUDE(20) rec[-96] rec[-89] rec[-64] rec[-53]
OBSERVABLE_INCLUDE(21) rec[-127] rec[-110] rec[-80] rec[-73] rec[-56] rec[-48]
OBSERVABLE_INCLUDE(22) rec[-128] rec[-112] rec[-94] rec[-78]
OBSERVABLE_INCLUDE(23) rec[-128] rec[-107] rec[-94] rec[-93] rec[-32] rec[-8]
OBSERVABLE_INCLUDE(24) rec[-124] rec[-121] rec[-51] rec[-49]
OBSERVABLE_INCLUDE(25) rec[-57] rec[-43] rec[-31] rec[-13]
OBSERVABLE_INCLUDE(26) rec[-96] rec[-68] rec[-32] rec[-4]
OBSERVABLE_INCLUDE(27) rec[-126] rec[-111] rec[-53] rec[-40]
OBSERVABLE_INCLUDE(28) rec[-126] rec[-123] rec[-94] rec[-79] rec[-29] rec[-5]
OBSERVABLE_INCLUDE(29) rec[-90] rec[-75] rec[-27] rec[-10]
OBSERVABLE_INCLUDE(30) rec[-126] rec[-124] rec[-94] rec[-92] rec[-52] rec[-41] rec[-31] rec[-7]
OBSERVABLE_INCLUDE(31) rec[-126] rec[-100] rec[-94] rec[-85] rec[-52] rec[-41]
OBSERVABLE_INCLUDE(32) rec[-125] rec[-115] rec[-83] rec[-73] rec[-61] rec[-37]
OBSERVABLE_INCLUDE(33) rec[-128] rec[-121] rec[-16] rec[-5]
DETECTOR rec[-256] rec[-254] rec[-224] rec[-222] rec[-128] rec[-116] rec[-64] rec[-52]
DETECTOR rec[-252] rec[-250] rec[-220] rec[-218] rec[-127] rec[-115] rec[-44] rec[-37]
DETECTOR rec[-255] rec[-253] rec[-203] rec[-201] rec[-123] rec[-118] rec[-59] rec[-54]
DETECTOR rec[-251] rec[-249] rec[-207] rec[-205] rec[-124] rec[-117] rec[-47] rec[-35]
DETECTOR rec[-235] rec[-233] rec[-223] rec[-221] rec[-122] rec[-119] rec[-58] rec[-55]
DETECTOR rec[-239] rec[-237] rec[-219] rec[-217] rec[-121] rec[-120] rec[-46] rec[-33]
DETECTOR rec[-236] rec[-234] rec[-204] rec[-202] rec[-125] rec[-114] rec[-61] rec[-50]
DETECTOR rec[-240] rec[-238] rec[-208] rec[-206] rec[-126] rec[-113] rec[-41] rec[-40]
DETECTOR rec[-248] rec[-246] rec[-216] rec[-214] rec[-108] rec[-101] rec[-63] rec[-51]
DETECTOR rec[-247] rec[-245] rec[-196] rec[-193] rec[-111] rec[-99] rec[-60] rec[-53]
DETECTOR rec[-243] rec[-242] rec[-211] rec[-210] rec[-107] rec[-102] rec[-43] rec[-38]
DETECTOR rec[-244] rec[-241] rec[-199] rec[-197] rec[-112] rec[-100] rec[-48] rec[-36]
DETECTOR rec[-191] rec[-189] rec[-139] rec[-137] rec[-91] rec[-86] rec[-11] rec[-6]
DETECTOR rec[-187] rec[-185] rec[-143] rec[-141] rec[-92] rec[-85] rec[-31] rec[-19]
DETECTOR rec[-192] rec[-190] rec[-160] rec[-158] rec[-96] rec[-84] rec[-16] rec[-4]
DETECTOR rec[-188] rec[-186] rec[-156] rec[-154] rec[-95] rec[-83] rec[-28] rec[-21]
DETECTOR rec[-172] rec[-170] rec[-140] rec[-138] rec[-93] rec[-82] rec[-13] rec[-2]
DETECTOR rec[-176] rec[-174] rec[-144] rec[-142] rec[-94] rec[-81] rec[-25] rec[-24]
DETECTOR rec[-171] rec[-169] rec[-159] rec[-157] rec[-90] rec[-87] rec[-10] rec[-7]
DETECTOR rec[-175] rec[-173] rec[-155] rec[-153] rec[-89] rec[-88] rec[-30] rec[-17]
DETECTOR rec[-228] rec[-225] rec[-215] rec[-213] rec[-110] rec[-97] rec[-57] rec[-56]
DETECTOR rec[-231] rec[-229] rec[-212] rec[-209] rec[-109] rec[-98] rec[-45] rec[-34]
DETECTOR rec[-227] rec[-226] rec[-195] rec[-194] rec[-105] rec[-104] rec[-62] rec[-49]
DETECTOR rec[-183] rec[-181] rec[-132] rec[-129] rec[-79] rec[-67] rec[-12] rec[-5]
DETECTOR rec[-184] rec[-182] rec[-152] rec[-150] rec[-76] rec[-69] rec[-15] rec[-3]
DETECTOR rec[-180] rec[-177] rec[-135] rec[-133] rec[-80] rec[-68] rec[-32] rec[-20]
DETECTOR rec[-179] rec[-178] rec[-147] rec[-146] rec[-75] rec[-70] rec[-27] rec[-22]
DETECTOR rec[-163] rec[-162] rec[-131] rec[-130] rec[-73] rec[-72] rec[-14] rec[-1]
DETECTOR rec[-168] rec[-166] rec[-136] rec[-134] rec[-74] rec[-71] rec[-26] rec[-23]
DETECTOR rec[-164] rec[-161] rec[-151] rec[-149] rec[-78] rec[-65] rec[-9] rec[-8]
DETECTOR rec[-167] rec[-165] rec[-148] rec[-145] rec[-77] rec[-66] rec[-29] rec[-18]
DETECTOR rec[-232] rec[-230] rec[-200] rec[-198] rec[-106] rec[-103] rec[-42] rec[-39]
TICK
MPP Z0*Z36 Z4*Z37 Z32*Z44 Z33*Z45 Z48*Z5 Z1*Z49 Z34*Z42 Z43*Z35 Z41*Z52 Z40*Z53 Z3*Z46 Z47*Z7 Z2*Z38 Z6*Z39 Z50*Z54 Z51*Z55 Z16*Z238 Z19*Z236 Z114*Z99 Z97*Z113 Z18*Z100 Z17*Z103 Z170*Z98 Z96*Z168 Z255*Z239 Z253*Z237 Z112*Z30 Z115*Z29 Z169*Z31 Z171*Z28 Z102*Z254 Z252*Z101 Z80*Z154 Z85*Z158 Z88*Z152 Z90*Z156 Z81*Z172 Z84*Z173 Z176*Z89 Z177*Z91 Z155*Z180 Z181*Z159 Z153*Z138 Z136*Z157 Z139*Z179 Z137*Z178 Z182*Z175 Z174*Z183 Z82*Z230 Z229*Z87 Z234*Z95 Z233*Z93 Z83*Z167 Z164*Z86 Z160*Z94 Z163*Z92 Z251*Z228 Z250*Z231 Z235*Z149 Z232*Z151 Z162*Z148 Z161*Z150 Z249*Z166 Z248*Z165 Z8*Z56 Z57*Z12 Z64*Z68 Z65*Z69 Z72*Z13 Z73*Z9 Z66*Z62 Z67*Z63 Z76*Z61 Z60*Z77 Z11*Z70 Z71*Z15 Z10*Z58 Z59*Z14 Z74*Z78 Z75*Z79 Z226*Z20 Z224*Z23 Z135*Z111 Z108*Z133 Z105*Z22 Z106*Z21 Z202*Z134 Z200*Z132 Z227*Z247 Z225*Z245 Z26*Z109 Z25*Z110 Z201*Z27 Z24*Z203 Z107*Z246 Z104*Z244 Z184*Z116 Z121*Z188 Z186*Z124 Z190*Z126 Z117*Z206 Z120*Z207 Z204*Z125 Z205*Z127 Z185*Z212 Z213*Z189 Z187*Z143 Z141*Z191 Z209*Z142 Z208*Z140 Z210*Z214 Z211*Z215 Z222*Z118 Z123*Z220 Z218*Z131 Z129*Z217 Z195*Z119 Z192*Z122 Z130*Z198 Z128*Z196 Z243*Z223 Z242*Z221 Z144*Z219 Z216*Z146 Z145*Z197 Z147*Z199 Z241*Z194 Z240*Z193
OBSERVABLE_INCLUDE(0) rec[-124] rec[-100] rec[-47] rec[-36] rec[-19] rec[-9]
OBSERVABLE_INCLUDE(1) rec[-80] rec[-73] rec[-48] rec[-37]
OBSERVABLE_INCLUDE(2) rec[-59] rec[-41] rec[-29] rec[-15]
OBSERVABLE_INCLUDE(3) rec[-116] rec[-112] rec[-64] rec[-36]
OBSERVABLE_INCLUDE(4) rec[-118] rec[-108] rec[-86] rec[-76]
OBSERVABLE_INCLUDE(5) rec[-115] rec[-112] rec[-83] rec[-80]
OBSERVABLE_INCLUDE(6) rec[-116] rec[-108] rec[-64] rec[-51] rec[-23] rec[-16]
OBSERVABLE_INCLUDE(7) rec[-55] rec[-37] rec[-20] rec[-1]
OBSERVABLE_INCLUDE(8) rec[-128] rec[-103] rec[-96] rec[-67] rec[-12] rec[-4]
OBSERVABLE_INCLUDE(9) rec[-96] rec[-68] rec[-32] rec[-4]
OBSERVABLE_INCLUDE(10) rec[-128] rec[-103] rec[-96] rec[-94] rec[-24] rec[-4]
OBSERVABLE_INCLUDE(11) rec[-118] rec[-113] rec[-15] rec[-6]
OBSERVABLE_INCLUDE(12) rec[-93] rec[-76] rec[-59] rec[-35]
OBSERVABLE_INCLUDE(13) rec[-116] rec[-111] rec[-89] rec[-71]
OBSERVABLE_INCLUDE(14) rec[-96] rec[-69] rec[-64] rec[-39] rec[-15] rec[-4]
OBSERVABLE_INCLUDE(15) rec[-124] rec[-118] rec[-76] rec[-70]
OBSERVABLE_INCLUDE(16) rec[-118] rec[-109] rec[-76] rec[-70] rec[-27] rec[-3]
OBSERVABLE_INCLUDE(17) rec[-116] rec[-111] rec[-96] rec[-71] rec[-64] rec[-53]
OBSERVABLE_INCLUDE(18) rec[-128] rec[-122] rec[-96] rec[-90] rec[-55] rec[-52] rec[-7] rec[-4]
OBSERVABLE_INCLUDE(19) rec[-64] rec[-51] rec[-16] rec[-3]
OBSERVABLE_INCLUDE(20) rec[-128] rec[-121] rec[-16] rec[-5]
OBSERVABLE_INCLUDE(21) rec[-126] rec[-123] rec[-59] rec[-41] rec[-24] rec[-15]
OBSERVABLE_INCLUDE(22) rec[-126] rec[-116] rec[-96] rec[-71] rec[-64] rec[-40]
OBSERVABLE_INCLUDE(23) rec[-122] rec[-116] rec[-96] rec[-71] rec[-64] rec[-55] rec[-26] rec[-4]
OBSERVABLE_INCLUDE(24) rec[-127] rec[-117] rec[-75] rec[-68] rec[-47] rec[-37] rec[-27] rec[-20]
OBSERVABLE_INCLUDE(25) rec[-124] rec[-97] rec[-92] rec[-90] rec[-31] rec[-10]
OBSERVABLE_INCLUDE(26) rec[-128] rec[-99] rec[-96] rec[-67]
OBSERVABLE_INCLUDE(27) rec[-52] rec[-33] rec[-23] rec[-5]
OBSERVABLE_INCLUDE(28) rec[-124] rec[-116] rec[-64] rec[-35] rec[-32] rec[-7]
OBSERVABLE_INCLUDE(29) rec[-59] rec[-37] rec[-17] rec[-13]
OBSERVABLE_INCLUDE(30) rec[-127] rec[-116] rec[-87] rec[-80] rec[-64] rec[-37]
OBSERVABLE_INCLUDE(31) rec[-116] rec[-110] rec[-87] rec[-80] rec[-64] rec[-56]
OBSERVABLE_INCLUDE(32) rec[-123] rec[-107] rec[-54] rec[-38]
OBSERVABLE_INCLUDE(33) rec[-128] rec[-117] rec[-32] rec[-25]
TICK
MPP X0*X80 X81*X5 X16*X82 X18*X83 X1*X93 X4*X92 X17*X90 X91*X19 X97*X84 X96*X85 X33*X86 X35*X87 X32*X88 X89*X34 X98*X94 X99*X95 X2*X250 X248*X7 X181*X31 X29*X183 X138*X3 X137*X6 X149*X30 X28*X150 X249*X254 X251*X255 X182*X54 X180*X52 X151*X55 X148*X53 X139*X253 X136*X252 X8*X116 X117*X13 X20*X118 X22*X119 X9*X129 X128*X12 X21*X126 X127*X23 X120*X133 X121*X132 X65*X122 X123*X67 X64*X124 X66*X125 X130*X134 X131*X135 X10*X242 X240*X15 X27*X213 X25*X215 X11*X143 X140*X14 X144*X26 X24*X147 X241*X246 X243*X247 X214*X78 X212*X76 X146*X79 X145*X77 X245*X142 X244*X141 X152*X36 X41*X153 X161*X102 X160*X100 X40*X165 X164*X37 X158*X103 X101*X159 X169*X157 X168*X156 X163*X45 X162*X47 X154*X44 X155*X46 X170*X167 X171*X166 X232*X38 X233*X43 X113*X177 X115*X179 X42*X172 X175*X39 X112*X228 X114*X230 X234*X238 X235*X239 X178*X50 X48*X176 X51*X231 X49*X229 X237*X174 X236*X173 X216*X58 X217*X63 X108*X205 X209*X110 X206*X62 X210*X59 X109*X223 X222*X111 X218*X226 X219*X227 X208*X74 X72*X204 X75*X221 X73*X220 X225*X211 X224*X207 X56*X186 X187*X61 X107*X199 X105*X198 X193*X60 X192*X57 X106*X188 X104*X189 X201*X191 X200*X190 X196*X69 X197*X71 X184*X68 X185*X70 X202*X195 X194*X203
OBSERVABLE_INCLUDE(0) rec[-127] rec[-111] rec[-56] rec[-40]
OBSERVABLE_INCLUDE(1) rec[-126] rec[-123] rec[-29] rec[-24]
OBSERVABLE_INCLUDE(2) rec[-124] rec[-100] rec[-19] rec[-7]
OBSERVABLE_INCLUDE(3) rec[-126] rec[-112] rec[-96] rec[-78]
OBSERVABLE_INCLUDE(4) rec[-125] rec[-108] rec[-19] rec[-11]
OBSERVABLE_INCLUDE(5) rec[-126] rec[-107] rec[-29] rec[-8]
OBSERVABLE_INCLUDE(6) rec[-128] rec[-112] rec[-61] rec[-45]
OBSERVABLE_INCLUDE(7) rec[-123] rec[-99] rec[-29] rec[-12]
OBSERVABLE_INCLUDE(8) rec[-128] rec[-98] rec[-32] rec[-2]
OBSERVABLE_INCLUDE(9) rec[-128] rec[-99] rec[-96] rec[-67]
OBSERVABLE_INCLUDE(10) rec[-128] rec[-98] rec[-64] rec[-34]
OBSERVABLE_INCLUDE(11) rec[-108] rec[-100] rec[-23] rec[-19]
OBSERVABLE_INCLUDE(12) rec[-92] rec[-73] rec[-19] rec[-1]
OBSERVABLE_INCLUDE(13) rec[-121] rec[-112] rec[-21] rec[-16]
OBSERVABLE_INCLUDE(14) rec[-128] rec[-98] rec[-50] rec[-48]
OBSERVABLE_INCLUDE(15) rec[-76] rec[-73] rec[-19] rec[-17]
OBSERVABLE_INCLUDE(16) rec[-88] rec[-76] rec[-19] rec[-14]
OBSERVABLE_INCLUDE(17) rec[-128] rec[-112] rec[-21] rec[-5]
OBSERVABLE_INCLUDE(18) rec[-128] rec[-115] rec[-80] rec[-67]
OBSERVABLE_INCLUDE(19) rec[-128] rec[-125] rec[-48] rec[-45]
OBSERVABLE_INCLUDE(20) rec[-128] rec[-117] rec[-32] rec[-25]
OBSERVABLE_INCLUDE(21) rec[-116] rec[-100] rec[-19] rec[-3]
OBSERVABLE_INCLUDE(22) rec[-128] rec[-112] rec[-52] rec[-36]
OBSERVABLE_INCLUDE(23) rec[-128] rec[-112] rec[-83] rec[-67]
OBSERVABLE_INCLUDE(24) rec[-59] rec[-53] rec[-29] rec[-17]
OBSERVABLE_INCLUDE(25) rec[-127] rec[-97] rec[-57] rec[-37]
OBSERVABLE_INCLUDE(26) rec[-128] rec[-105] rec[-32] rec[-5]
OBSERVABLE_INCLUDE(27) rec[-117] rec[-112] rec[-32] rec[-9]
OBSERVABLE_INCLUDE(28) rec[-96] rec[-80] rec[-53] rec[-37]
OBSERVABLE_INCLUDE(29) rec[-92] rec[-77] rec[-51] rec[-43]
OBSERVABLE_INCLUDE(30) rec[-96] rec[-80] rec[-29] rec[-13]
OBSERVABLE_INCLUDE(31) rec[-96] rec[-80] rec[-57] rec[-41]
OBSERVABLE_INCLUDE(32) rec[-124] rec[-108] rec[-90] rec[-74]
OBSERVABLE_INCLUDE(33) rec[-96] rec[-89] rec[-64] rec[-53]
DETECTOR rec[-512] rec[-500] rec[-448] rec[-436] rec[-256] rec[-254] rec[-224] rec[-222] rec[-128] rec[-116] rec[-64] rec[-52]
DETECTOR rec[-507] rec[-502] rec[-443] rec[-438] rec[-255] rec[-253] rec[-203] rec[-201] rec[-123] rec[-118] rec[-59] rec[-54]
DETECTOR rec[-511] rec[-499] rec[-428] rec[-421] rec[-252] rec[-250] rec[-220] rec[-218] rec[-127] rec[-115] rec[-44] rec[-37]
DETECTOR rec[-508] rec[-501] rec[-431] rec[-419] rec[-251] rec[-249] rec[-207] rec[-205] rec[-124] rec[-117] rec[-47] rec[-35]
DETECTOR rec[-492] rec[-485] rec[-447] rec[-435] rec[-248] rec[-246] rec[-216] rec[-214] rec[-108] rec[-101] rec[-63] rec[-51]
DETECTOR rec[-495] rec[-483] rec[-444] rec[-437] rec[-247] rec[-245] rec[-196] rec[-193] rec[-111] rec[-99] rec[-60] rec[-53]
DETECTOR rec[-491] rec[-486] rec[-427] rec[-422] rec[-243] rec[-242] rec[-211] rec[-210] rec[-107] rec[-102] rec[-43] rec[-38]
DETECTOR rec[-496] rec[-484] rec[-432] rec[-420] rec[-244] rec[-241] rec[-199] rec[-197] rec[-112] rec[-100] rec[-48] rec[-36]
DETECTOR rec[-480] rec[-468] rec[-400] rec[-388] rec[-192] rec[-190] rec[-160] rec[-158] rec[-96] rec[-84] rec[-16] rec[-4]
DETECTOR rec[-475] rec[-470] rec[-395] rec[-390] rec[-191] rec[-189] rec[-139] rec[-137] rec[-91] rec[-86] rec[-11] rec[-6]
DETECTOR rec[-479] rec[-467] rec[-412] rec[-405] rec[-188] rec[-186] rec[-156] rec[-154] rec[-95] rec[-83] rec[-28] rec[-21]
DETECTOR rec[-476] rec[-469] rec[-415] rec[-403] rec[-187] rec[-185] rec[-143] rec[-141] rec[-92] rec[-85] rec[-31] rec[-19]
DETECTOR rec[-460] rec[-453] rec[-399] rec[-387] rec[-184] rec[-182] rec[-152] rec[-150] rec[-76] rec[-69] rec[-15] rec[-3]
DETECTOR rec[-463] rec[-451] rec[-396] rec[-389] rec[-183] rec[-181] rec[-132] rec[-129] rec[-79] rec[-67] rec[-12] rec[-5]
DETECTOR rec[-459] rec[-454] rec[-411] rec[-406] rec[-179] rec[-178] rec[-147] rec[-146] rec[-75] rec[-70] rec[-27] rec[-22]
DETECTOR rec[-464] rec[-452] rec[-416] rec[-404] rec[-180] rec[-177] rec[-135] rec[-133] rec[-80] rec[-68] rec[-32] rec[-20]
DETECTOR rec[-506] rec[-503] rec[-442] rec[-439] rec[-235] rec[-233] rec[-223] rec[-221] rec[-122] rec[-119] rec[-58] rec[-55]
DETECTOR rec[-505] rec[-504] rec[-430] rec[-417] rec[-239] rec[-237] rec[-219] rec[-217] rec[-121] rec[-120] rec[-46] rec[-33]
DETECTOR rec[-509] rec[-498] rec[-445] rec[-434] rec[-236] rec[-234] rec[-204] rec[-202] rec[-125] rec[-114] rec[-61] rec[-50]
DETECTOR rec[-510] rec[-497] rec[-425] rec[-424] rec[-240] rec[-238] rec[-208] rec[-206] rec[-126] rec[-113] rec[-41] rec[-40]
DETECTOR rec[-474] rec[-471] rec[-394] rec[-391] rec[-171] rec[-169] rec[-159] rec[-157] rec[-90] rec[-87] rec[-10] rec[-7]
DETECTOR rec[-473] rec[-472] rec[-414] rec[-401] rec[-175] rec[-173] rec[-155] rec[-153] rec[-89] rec[-88] rec[-30] rec[-17]
DETECTOR rec[-477] rec[-466] rec[-397] rec[-386] rec[-172] rec[-170] rec[-140] rec[-138] rec[-93] rec[-82] rec[-13] rec[-2]
DETECTOR rec[-478] rec[-465] rec[-409] rec[-408] rec[-176] rec[-174] rec[-144] rec[-142] rec[-94] rec[-81] rec[-25] rec[-24]
DETECTOR rec[-494] rec[-481] rec[-441] rec[-440] rec[-228] rec[-225] rec[-215] rec[-213] rec[-110] rec[-97] rec[-57] rec[-56]
DETECTOR rec[-489] rec[-488] rec[-446] rec[-433] rec[-227] rec[-226] rec[-195] rec[-194] rec[-105] rec[-104] rec[-62] rec[-49]
DETECTOR rec[-493] rec[-482] rec[-429] rec[-418] rec[-231] rec[-229] rec[-212] rec[-209] rec[-109] rec[-98] rec[-45] rec[-34]
DETECTOR rec[-462] rec[-449] rec[-393] rec[-392] rec[-164] rec[-161] rec[-151] rec[-149] rec[-78] rec[-65] rec[-9] rec[-8]
DETECTOR rec[-457] rec[-456] rec[-398] rec[-385] rec[-163] rec[-162] rec[-131] rec[-130] rec[-73] rec[-72] rec[-14] rec[-1]
DETECTOR rec[-461] rec[-450] rec[-413] rec[-402] rec[-167] rec[-165] rec[-148] rec[-145] rec[-77] rec[-66] rec[-29] rec[-18]
DETECTOR rec[-458] rec[-455] rec[-410] rec[-407] rec[-168] rec[-166] rec[-136] rec[-134] rec[-74] rec[-71] rec[-26] rec[-23]
DETECTOR rec[-490] rec[-487] rec[-426] rec[-423] rec[-232] rec[-230] rec[-200] rec[-198] rec[-106] rec[-103] rec[-42] rec[-39]
TICK
REPEAT 15 {
    MPP Y0*Y8 Y1*Y9 Y2*Y10 Y11*Y3 Y25*Y4 Y24*Y5 Y6*Y22 Y23*Y7 Y12*Y29 Y28*Y13 Y18*Y14 Y19*Y15 Y16*Y20 Y17*Y21 Y26*Y30 Y27*Y31 Y32*Y247 Y35*Y244 Y132*Y55 Y52*Y135 Y65*Y33 Y34*Y66 Y78*Y54 Y77*Y53 Y253*Y245 Y246*Y254 Y98*Y134 Y97*Y133 Y99*Y76 Y96*Y79 Y64*Y255 Y67*Y252 Y58*Y36 Y40*Y62 Y56*Y38 Y42*Y60 Y105*Y37 Y104*Y41 Y110*Y39 Y43*Y111 Y115*Y59 Y114*Y63 Y57*Y100 Y101*Y61 Y108*Y102 Y109*Y103 Y112*Y106 Y113*Y107 Y200*Y44 Y203*Y47 Y51*Y227 Y48*Y224 Y74*Y45 Y73*Y46 Y50*Y69 Y49*Y70 Y202*Y237 Y201*Y238 Y225*Y170 Y169*Y226 Y171*Y71 Y168*Y68 Y75*Y239 Y72*Y236 Y80*Y118 Y122*Y84 Y145*Y139 Y144*Y138 Y85*Y141 Y81*Y140 Y137*Y117 Y136*Y121 Y123*Y151 Y150*Y119 Y83*Y147 Y146*Y87 Y82*Y116 Y120*Y86 Y149*Y143 Y148*Y142 Y88*Y212 Y91*Y215 Y183*Y127 Y180*Y124 Y129*Y90 Y89*Y130 Y241*Y182 Y242*Y181 Y250*Y213 Y249*Y214 Y125*Y94 Y93*Y126 Y243*Y95 Y240*Y92 Y131*Y251 Y128*Y248 Y154*Y197 Y198*Y159 Y179*Y222 Y176*Y221 Y206*Y158 Y155*Y211 Y178*Y191 Y177*Y186 Y232*Y199 Y234*Y196 Y220*Y167 Y165*Y223 Y190*Y166 Y187*Y164 Y235*Y207 Y233*Y210 Y152*Y205 Y208*Y157 Y185*Y174 Y188*Y172 Y194*Y156 Y192*Y153 Y217*Y175 Y219*Y173 Y204*Y231 Y209*Y230 Y160*Y189 Y184*Y162 Y216*Y161 Y218*Y163 Y193*Y228 Y195*Y229
    OBSERVABLE_INCLUDE(0) rec[-121] rec[-113] rec[-77] rec[-71] rec[-59] rec[-33] rec[-23] rec[-15]
    OBSERVABLE_INCLUDE(1) rec[-124] rec[-116] rec[-7] rec[-3]
    OBSERVABLE_INCLUDE(2) rec[-127] rec[-110] rec[-56] rec[-37]
    OBSERVABLE_INCLUDE(3) rec[-94] rec[-71] rec[-52] rec[-40]
    OBSERVABLE_INCLUDE(4) rec[-86] rec[-75] rec[-22] rec[-11]
    OBSERVABLE_INCLUDE(5) rec[-90] rec[-71] rec[-26] rec[-7]
    OBSERVABLE_INCLUDE(6) rec[-128] rec[-118] rec[-94] rec[-88] rec[-64] rec[-40] rec[-30] rec[-6]
    OBSERVABLE_INCLUDE(7) rec[-124] rec[-105] rec[-49] rec[-35]
    OBSERVABLE_INCLUDE(8) rec[-96] rec[-72] rec[-62] rec[-55] rec[-32] rec[-4]
    OBSERVABLE_INCLUDE(9) rec[-128] rec[-105] rec[-32] rec[-5]
    OBSERVABLE_INCLUDE(10) rec[-62] rec[-48] rec[-32] rec[-14]
    OBSERVABLE_INCLUDE(11) rec[-78] rec[-75] rec[-61] rec[-56]
    OBSERVABLE_INCLUDE(12) rec[-54] rec[-44] rec[-22] rec[-12]
    OBSERVABLE_INCLUDE(13) rec[-94] rec[-65] rec[-25] rec[-8]
    OBSERVABLE_INCLUDE(14) rec[-128] rec[-104] rec[-94] rec[-70] rec[-62] rec[-56] rec[-32] rec[-22]
    OBSERVABLE_INCLUDE(15) rec[-125] rec[-123] rec[-77] rec[-75] rec[-54] rec[-50] rec[-22] rec[-18]
    OBSERVABLE_INCLUDE(16) rec[-125] rec[-101] rec[-81] rec[-75] rec[-54] rec[-50] rec[-22] rec[-18]
    OBSERVABLE_INCLUDE(17) rec[-128] rec[-117] rec[-94] rec[-65] rec[-32] rec[-8]
    OBSERVABLE_INCLUDE(18) rec[-96] rec[-93] rec[-32] rec[-29]
    OBSERVABLE_INCLUDE(19) rec[-128] rec[-118] rec[-94] rec[-88] rec[-64] rec[-54] rec[-30] rec[-24]
    OBSERVABLE_INCLUDE(20) rec[-96] rec[-89] rec[-64] rec[-53]
    OBSERVABLE_INCLUDE(21) rec[-127] rec[-110] rec[-80] rec[-73] rec[-56] rec[-48]
    OBSERVABLE_INCLUDE(22) rec[-128] rec[-112] rec[-94] rec[-78]
    OBSERVABLE_INCLUDE(23) rec[-128] rec[-107] rec[-94] rec[-93] rec[-32] rec[-8]
    OBSERVABLE_INCLUDE(24) rec[-124] rec[-121] rec[-51] rec[-49]
    OBSERVABLE_INCLUDE(25) rec[-57] rec[-43] rec[-31] rec[-13]
    OBSERVABLE_INCLUDE(26) rec[-96] rec[-68] rec[-32] rec[-4]
    OBSERVABLE_INCLUDE(27) rec[-126] rec[-111] rec[-53] rec[-40]
    OBSERVABLE_INCLUDE(28) rec[-126] rec[-123] rec[-94] rec[-79] rec[-29] rec[-5]
    OBSERVABLE_INCLUDE(29) rec[-90] rec[-75] rec[-27] rec[-10]
    OBSERVABLE_INCLUDE(30) rec[-126] rec[-124] rec[-94] rec[-92] rec[-52] rec[-41] rec[-31] rec[-7]
    OBSERVABLE_INCLUDE(31) rec[-126] rec[-100] rec[-94] rec[-85] rec[-52] rec[-41]
    OBSERVABLE_INCLUDE(32) rec[-125] rec[-115] rec[-83] rec[-73] rec[-61] rec[-37]
    OBSERVABLE_INCLUDE(33) rec[-128] rec[-121] rec[-16] rec[-5]
    DETECTOR rec[-640] rec[-638] rec[-608] rec[-606] rec[-512] rec[-500] rec[-448] rec[-436] rec[-256] rec[-254] rec[-224] rec[-222] rec[-128] rec[-116] rec[-64] rec[-52]
    DETECTOR rec[-636] rec[-634] rec[-604] rec[-602] rec[-511] rec[-499] rec[-428] rec[-421] rec[-252] rec[-250] rec[-220] rec[-218] rec[-127] rec[-115] rec[-44] rec[-37]
    DETECTOR rec[-639] rec[-637] rec[-587] rec[-585] rec[-507] rec[-502] rec[-443] rec[-438] rec[-255] rec[-253] rec[-203] rec[-201] rec[-123] rec[-118] rec[-59] rec[-54]
    DETECTOR rec[-635] rec[-633] rec[-591] rec[-589] rec[-508] rec[-501] rec[-431] rec[-419] rec[-251] rec[-249] rec[-207] rec[-205] rec[-124] rec[-117] rec[-47] rec[-35]
    DETECTOR rec[-619] rec[-617] rec[-607] rec[-605] rec[-506] rec[-503] rec[-442] rec[-439] rec[-235] rec[-233] rec[-223] rec[-221] rec[-122] rec[-119] rec[-58] rec[-55]
    DETECTOR rec[-623] rec[-621] rec[-603] rec[-601] rec[-505] rec[-504] rec[-430] rec[-417] rec[-239] rec[-237] rec[-219] rec[-217] rec[-121] rec[-120] rec[-46] rec[-33]
    DETECTOR rec[-620] rec[-618] rec[-588] rec[-586] rec[-509] rec[-498] rec[-445] rec[-434] rec[-236] rec[-234] rec[-204] rec[-202] rec[-125] rec[-114] rec[-61] rec[-50]
    DETECTOR rec[-624] rec[-622] rec[-592] rec[-590] rec[-510] rec[-497] rec[-425] rec[-424] rec[-240] rec[-238] rec[-208] rec[-206] rec[-126] rec[-113] rec[-41] rec[-40]
    DETECTOR rec[-632] rec[-630] rec[-600] rec[-598] rec[-492] rec[-485] rec[-447] rec[-435] rec[-248] rec[-246] rec[-216] rec[-214] rec[-108] rec[-101] rec[-63] rec[-51]
    DETECTOR rec[-631] rec[-629] rec[-580] rec[-577] rec[-495] rec[-483] rec[-444] rec[-437] rec[-247] rec[-245] rec[-196] rec[-193] rec[-111] rec[-99] rec[-60] rec[-53]
    DETECTOR rec[-627] rec[-626] rec[-595] rec[-594] rec[-491] rec[-486] rec[-427] rec[-422] rec[-243] rec[-242] rec[-211] rec[-210] rec[-107] rec[-102] rec[-43] rec[-38]
    DETECTOR rec[-628] rec[-625] rec[-583] rec[-581] rec[-496] rec[-484] rec[-432] rec[-420] rec[-244] rec[-241] rec[-199] rec[-197] rec[-112] rec[-100] rec[-48] rec[-36]
    DETECTOR rec[-575] rec[-573] rec[-523] rec[-521] rec[-475] rec[-470] rec[-395] rec[-390] rec[-191] rec[-189] rec[-139] rec[-137] rec[-91] rec[-86] rec[-11] rec[-6]
    DETECTOR rec[-571] rec[-569] rec[-527] rec[-525] rec[-476] rec[-469] rec[-415] rec[-403] rec[-187] rec[-185] rec[-143] rec[-141] rec[-92] rec[-85] rec[-31] rec[-19]
    DETECTOR rec[-576] rec[-574] rec[-544] rec[-542] rec[-480] rec[-468] rec[-400] rec[-388] rec[-192] rec[-190] rec[-160] rec[-158] rec[-96] rec[-84] rec[-16] rec[-4]
    DETECTOR rec[-572] rec[-570] rec[-540] rec[-538] rec[-479] rec[-467] rec[-412] rec[-405] rec[-188] rec[-186] rec[-156] rec[-154] rec[-95] rec[-83] rec[-28] rec[-21]
    DETECTOR rec[-556] rec[-554] rec[-524] rec[-522] rec[-477] rec[-466] rec[-397] rec[-386] rec[-172] rec[-170] rec[-140] rec[-138] rec[-93] rec[-82] rec[-13] rec[-2]
    DETECTOR rec[-560] rec[-558] rec[-528] rec[-526] rec[-478] rec[-465] rec[-409] rec[-408] rec[-176] rec[-174] rec[-144] rec[-142] rec[-94] rec[-81] rec[-25] rec[-24]
    DETECTOR rec[-555] rec[-553] rec[-543] rec[-541] rec[-474] rec[-471] rec[-394] rec[-391] rec[-171] rec[-169] rec[-159] rec[-157] rec[-90] rec[-87] rec[-10] rec[-7]
    DETECTOR rec[-559] rec[-557] rec[-539] rec[-537] rec[-473] rec[-472] rec[-414] rec[-401] rec[-175] rec[-173] rec[-155] rec[-153] rec[-89] rec[-88] rec[-30] rec[-17]
    DETECTOR rec[-612] rec[-609] rec[-599] rec[-597] rec[-494] rec[-481] rec[-441] rec[-440] rec[-228] rec[-225] rec[-215] rec[-213] rec[-110] rec[-97] rec[-57] rec[-56]
    DETECTOR rec[-615] rec[-613] rec[-596] rec[-593] rec[-493] rec[-482] rec[-429] rec[-418] rec[-231] rec[-229] rec[-212] rec[-209] rec[-109] rec[-98] rec[-45] rec[-34]
    DETECTOR rec[-611] rec[-610] rec[-579] rec[-578] rec[-489] rec[-488] rec[-446] rec[-433] rec[-227] rec[-226] rec[-195] rec[-194] rec[-105] rec[-104] rec[-62] rec[-49]
    DETECTOR rec[-567] rec[-565] rec[-516] rec[-513] rec[-463] rec[-451] rec[-396] rec[-389] rec[-183] rec[-181] rec[-132] rec[-129] rec[-79] rec[-67] rec[-12] rec[-5]
    DETECTOR rec[-568] rec[-566] rec[-536] rec[-534] rec[-460] rec[-453] rec[-399] rec[-387] rec[-184] rec[-182] rec[-152] rec[-150] rec[-76] rec[-69] rec[-15] rec[-3]
    DETECTOR rec[-564] rec[-561] rec[-519] rec[-517] rec[-464] rec[-452] rec[-416] rec[-404] rec[-180] rec[-177] rec[-135] rec[-133] rec[-80] rec[-68] rec[-32] rec[-20]
    DETECTOR rec[-563] rec[-562] rec[-531] rec[-530] rec[-459] rec[-454] rec[-411] rec[-406] rec[-179] rec[-178] rec[-147] rec[-146] rec[-75] rec[-70] rec[-27] rec[-22]
    DETECTOR rec[-547] rec[-546] rec[-515] rec[-514] rec[-457] rec[-456] rec[-398] rec[-385] rec[-163] rec[-162] rec[-131] rec[-130] rec[-73] rec[-72] rec[-14] rec[-1]
    DETECTOR rec[-552] rec[-550] rec[-520] rec[-518] rec[-458] rec[-455] rec[-410] rec[-407] rec[-168] rec[-166] rec[-136] rec[-134] rec[-74] rec[-71] rec[-26] rec[-23]
    DETECTOR rec[-548] rec[-545] rec[-535] rec[-533] rec[-462] rec[-449] rec[-393] rec[-392] rec[-164] rec[-161] rec[-151] rec[-149] rec[-78] rec[-65] rec[-9] rec[-8]
    DETECTOR rec[-551] rec[-549] rec[-532] rec[-529] rec[-461] rec[-450] rec[-413] rec[-402] rec[-167] rec[-165] rec[-148] rec[-145] rec[-77] rec[-66] rec[-29] rec[-18]
    DETECTOR rec[-616] rec[-614] rec[-584] rec[-582] rec[-490] rec[-487] rec[-426] rec[-423] rec[-232] rec[-230] rec[-200] rec[-198] rec[-106] rec[-103] rec[-42] rec[-39]
    TICK
    MPP Z0*Z36 Z4*Z37 Z32*Z44 Z33*Z45 Z48*Z5 Z1*Z49 Z34*Z42 Z43*Z35 Z41*Z52 Z40*Z53 Z3*Z46 Z47*Z7 Z2*Z38 Z6*Z39 Z50*Z54 Z51*Z55 Z16*Z238 Z19*Z236 Z114*Z99 Z97*Z113 Z18*Z100 Z17*Z103 Z170*Z98 Z96*Z168 Z255*Z239 Z253*Z237 Z112*Z30 Z115*Z29 Z169*Z31 Z171*Z28 Z102*Z254 Z252*Z101 Z80*Z154 Z85*Z158 Z88*Z152 Z90*Z156 Z81*Z172 Z84*Z173 Z176*Z89 Z177*Z91 Z155*Z180 Z181*Z159 Z153*Z138 Z136*Z157 Z139*Z179 Z137*Z178 Z182*Z175 Z174*Z183 Z82*Z230 Z229*Z87 Z234*Z95 Z233*Z93 Z83*Z167 Z164*Z86 Z160*Z94 Z163*Z92 Z251*Z228 Z250*Z231 Z235*Z149 Z232*Z151 Z162*Z148 Z161*Z150 Z249*Z166 Z248*Z165 Z8*Z56 Z57*Z12 Z64*Z68 Z65*Z69 Z72*Z13 Z73*Z9 Z66*Z62 Z67*Z63 Z76*Z61 Z60*Z77 Z11*Z70 Z71*Z15 Z10*Z58 Z59*Z14 Z74*Z78 Z75*Z79 Z226*Z20 Z224*Z23 Z135*Z111 Z108*Z133 Z105*Z22 Z106*Z21 Z202*Z134 Z200*Z132 Z227*Z247 Z225*Z245 Z26*Z109 Z25*Z110 Z201*Z27 Z24*Z203 Z107*Z246 Z104*Z244 Z184*Z116 Z121*Z188 Z186*Z124 Z190*Z126 Z117*Z206 Z120*Z207 Z204*Z125 Z205*Z127 Z185*Z212 Z213*Z189 Z187*Z143 Z141*Z191 Z209*Z142 Z208*Z140 Z210*Z214 Z211*Z215 Z222*Z118 Z123*Z220 Z218*Z131 Z129*Z217 Z195*Z119 Z192*Z122 Z130*Z198 Z128*Z196 Z243*Z223 Z242*Z221 Z144*Z219 Z216*Z146 Z145*Z197 Z147*Z199 Z241*Z194 Z240*Z193
    OBSERVABLE_INCLUDE(0) rec[-124] rec[-100] rec[-47] rec[-36] rec[-19] rec[-9]
    OBSERVABLE_INCLUDE(1) rec[-80] rec[-73] rec[-48] rec[-37]
    OBSERVABLE_INCLUDE(2) rec[-59] rec[-41] rec[-29] rec[-15]
    OBSERVABLE_INCLUDE(3) rec[-116] rec[-112] rec[-64] rec[-36]
    OBSERVABLE_INCLUDE(4) rec[-118] rec[-108] rec[-86] rec[-76]
    OBSERVABLE_INCLUDE(5) rec[-115] rec[-112] rec[-83] rec[-80]
    OBSERVABLE_INCLUDE(6) rec[-116] rec[-108] rec[-64] rec[-51] rec[-23] rec[-16]
    OBSERVABLE_INCLUDE(7) rec[-55] rec[-37] rec[-20] rec[-1]
    OBSERVABLE_INCLUDE(8) rec[-128] rec[-103] rec[-96] rec[-67] rec[-12] rec[-4]
    OBSERVABLE_INCLUDE(9) rec[-96] rec[-68] rec[-32] rec[-4]
    OBSERVABLE_INCLUDE(10) rec[-128] rec[-103] rec[-96] rec[-94] rec[-24] rec[-4]
    OBSERVABLE_INCLUDE(11) rec[-118] rec[-113] rec[-15] rec[-6]
    OBSERVABLE_INCLUDE(12) rec[-93] rec[-76] rec[-59] rec[-35]
    OBSERVABLE_INCLUDE(13) rec[-116] rec[-111] rec[-89] rec[-71]
    OBSERVABLE_INCLUDE(14) rec[-96] rec[-69] rec[-64] rec[-39] rec[-15] rec[-4]
    OBSERVABLE_INCLUDE(15) rec[-124] rec[-118] rec[-76] rec[-70]
    OBSERVABLE_INCLUDE(16) rec[-118] rec[-109] rec[-76] rec[-70] rec[-27] rec[-3]
    OBSERVABLE_INCLUDE(17) rec[-116] rec[-111] rec[-96] rec[-71] rec[-64] rec[-53]
    OBSERVABLE_INCLUDE(18) rec[-128] rec[-122] rec[-96] rec[-90] rec[-55] rec[-52] rec[-7] rec[-4]
    OBSERVABLE_INCLUDE(19) rec[-64] rec[-51] rec[-16] rec[-3]
    OBSERVABLE_INCLUDE(20) rec[-128] rec[-121] rec[-16] rec[-5]
    OBSERVABLE_INCLUDE(21) rec[-126] rec[-123] rec[-59] rec[-41] rec[-24] rec[-15]
    OBSERVABLE_INCLUDE(22) rec[-126] rec[-116] rec[-96] rec[-71] rec[-64] rec[-40]
    OBSERVABLE_INCLUDE(23) rec[-122] rec[-116] rec[-96] rec[-71] rec[-64] rec[-55] rec[-26] rec[-4]
    OBSERVABLE_INCLUDE(24) rec[-127] rec[-117] rec[-75] rec[-68] rec[-47] rec[-37] rec[-27] rec[-20]
    OBSERVABLE_INCLUDE(25) rec[-124] rec[-97] rec[-92] rec[-90] rec[-31] rec[-10]
    OBSERVABLE_INCLUDE(26) rec[-128] rec[-99] rec[-96] rec[-67]
    OBSERVABLE_INCLUDE(27) rec[-52] rec[-33] rec[-23] rec[-5]
    OBSERVABLE_INCLUDE(28) rec[-124] rec[-116] rec[-64] rec[-35] rec[-32] rec[-7]
    OBSERVABLE_INCLUDE(29) rec[-59] rec[-37] rec[-17] rec[-13]
    OBSERVABLE_INCLUDE(30) rec[-127] rec[-116] rec[-87] rec[-80] rec[-64] rec[-37]
    OBSERVABLE_INCLUDE(31) rec[-116] rec[-110] rec[-87] rec[-80] rec[-64] rec[-56]
    OBSERVABLE_INCLUDE(32) rec[-123] rec[-107] rec[-54] rec[-38]
    OBSERVABLE_INCLUDE(33) rec[-128] rec[-117] rec[-32] rec[-25]
    DETECTOR rec[-640] rec[-638] rec[-608] rec[-606] rec[-512] rec[-500] rec[-448] rec[-436] rec[-256] rec[-254] rec[-224] rec[-222] rec[-128] rec[-116] rec[-64] rec[-52]
    DETECTOR rec[-639] rec[-637] rec[-587] rec[-585] rec[-507] rec[-502] rec[-443] rec[-438] rec[-255] rec[-253] rec[-203] rec[-201] rec[-123] rec[-118] rec[-59] rec[-54]
    DETECTOR rec[-636] rec[-634] rec[-604] rec[-602] rec[-511] rec[-499] rec[-428] rec[-421] rec[-252] rec[-250] rec[-220] rec[-218] rec[-127] rec[-115] rec[-44] rec[-37]
    DETECTOR rec[-635] rec[-633] rec[-591] rec[-589] rec[-508] rec[-501] rec[-431] rec[-419] rec[-251] rec[-249] rec[-207] rec[-205] rec[-124] rec[-117] rec[-47] rec[-35]
    DETECTOR rec[-632] rec[-630] rec[-600] rec[-598] rec[-492] rec[-485] rec[-447] rec[-435] rec[-248] rec[-246] rec[-216] rec[-214] rec[-108] rec[-101] rec[-63] rec[-51]
    DETECTOR rec[-631] rec[-629] rec[-580] rec[-577] rec[-495] rec[-483] rec[-444] rec[-437] rec[-247] rec[-245] rec[-196] rec[-193] rec[-111] rec[-99] rec[-60] rec[-53]
    DETECTOR rec[-627] rec[-626] rec[-595] rec[-594] rec[-491] rec[-486] rec[-427] rec[-422] rec[-243] rec[-242] rec[-211] rec[-210] rec[-107] rec[-102] rec[-43] rec[-38]
    DETECTOR rec[-628] rec[-625] rec[-583] rec[-581] rec[-496] rec[-484] rec[-432] rec[-420] rec[-244] rec[-241] rec[-199] rec[-197] rec[-112] rec[-100] rec[-48] rec[-36]
    DETECTOR rec[-619] rec[-617] rec[-607] rec[-605] rec[-506] rec[-503] rec[-442] rec[-439] rec[-235] rec[-233] rec[-223] rec[-221] rec[-122] rec[-119] rec[-58] rec[-55]
    DETECTOR rec[-623] rec[-621] rec[-603] rec[-601] rec[-505] rec[-504] rec[-430] rec[-417] rec[-239] rec[-237] rec[-219] rec[-217] rec[-121] rec[-120] rec[-46] rec[-33]
    DETECTOR rec[-620] rec[-618] rec[-588] rec[-586] rec[-509] rec[-498] rec[-445] rec[-434] rec[-236] rec[-234] rec[-204] rec[-202] rec[-125] rec[-114] rec[-61] rec[-50]
    DETECTOR rec[-624] rec[-622] rec[-592] rec[-590] rec[-510] rec[-497] rec[-425] rec[-424] rec[-240] rec[-238] rec[-208] rec[-206] rec[-126] rec[-113] rec[-41] rec[-40]
    DETECTOR rec[-612] rec[-609] rec[-599] rec[-597] rec[-494] rec[-481] rec[-441] rec[-440] rec[-228] rec[-225] rec[-215] rec[-213] rec[-110] rec[-97] rec[-57] rec[-56]
    DETECTOR rec[-611] rec[-610] rec[-579] rec[-578] rec[-489] rec[-488] rec[-446] rec[-433] rec[-227] rec[-226] rec[-195] rec[-194] rec[-105] rec[-104] rec[-62] rec[-49]
    DETECTOR rec[-615] rec[-613] rec[-596] rec[-593] rec[-493] rec[-482] rec[-429] rec[-418] rec[-231] rec[-229] rec[-212] rec[-209] rec[-109] rec[-98] rec[-45] rec[-34]
    DETECTOR rec[-571] rec[-569] rec[-527] rec[-525] rec[-476] rec[-469] rec[-415] rec[-403] rec[-187] rec[-185] rec[-143] rec[-141] rec[-92] rec[-85] rec[-31] rec[-19]
    DETECTOR rec[-572] rec[-570] rec[-540] rec[-538] rec[-479] rec[-467] rec[-412] rec[-405] rec[-188] rec[-186] rec[-156] rec[-154] rec[-95] rec[-83] rec[-28] rec[-21]
    DETECTOR rec[-575] rec[-573] rec[-523] rec[-521] rec[-475] rec[-470] rec[-395] rec[-390] rec[-191] rec[-189] rec[-139] rec[-137] rec[-91] rec[-86] rec[-11] rec[-6]
    DETECTOR rec[-576] rec[-574] rec[-544] rec[-542] rec[-480] rec[-468] rec[-400] rec[-388] rec[-192] rec[-190] rec[-160] rec[-158] rec[-96] rec[-84] rec[-16] rec[-4]
    DETECTOR rec[-564] rec[-561] rec[-519] rec[-517] rec[-464] rec[-452] rec[-416] rec[-404] rec[-180] rec[-177] rec[-135] rec[-133] rec[-80] rec[-68] rec[-32] rec[-20]
    DETECTOR rec[-563] rec[-562] rec[-531] rec[-530] rec[-459] rec[-454] rec[-411] rec[-406] rec[-179] rec[-178] rec[-147] rec[-146] rec[-75] rec[-70] rec[-27] rec[-22]
    DETECTOR rec[-567] rec[-565] rec[-516] rec[-513] rec[-463] rec[-451] rec[-396] rec[-389] rec[-183] rec[-181] rec[-132] rec[-129] rec[-79] rec[-67] rec[-12] rec[-5]
    DETECTOR rec[-568] rec[-566] rec[-536] rec[-534] rec[-460] rec[-453] rec[-399] rec[-387] rec[-184] rec[-182] rec[-152] rec[-150] rec[-76] rec[-69] rec[-15] rec[-3]
    DETECTOR rec[-560] rec[-558] rec[-528] rec[-526] rec[-478] rec[-465] rec[-409] rec[-408] rec[-176] rec[-174] rec[-144] rec[-142] rec[-94] rec[-81] rec[-25] rec[-24]
    DETECTOR rec[-556] rec[-554] rec[-524] rec[-522] rec[-477] rec[-466] rec[-397] rec[-386] rec[-172] rec[-170] rec[-140] rec[-138] rec[-93] rec[-82] rec[-13] rec[-2]
    DETECTOR rec[-559] rec[-557] rec[-539] rec[-537] rec[-473] rec[-472] rec[-414] rec[-401] rec[-175] rec[-173] rec[-155] rec[-153] rec[-89] rec[-88] rec[-30] rec[-17]
    DETECTOR rec[-555] rec[-553] rec[-543] rec[-541] rec[-474] rec[-471] rec[-394] rec[-391] rec[-171] rec[-169] rec[-159] rec[-157] rec[-90] rec[-87] rec[-10] rec[-7]
    DETECTOR rec[-552] rec[-550] rec[-520] rec[-518] rec[-458] rec[-455] rec[-410] rec[-407] rec[-168] rec[-166] rec[-136] rec[-134] rec[-74] rec[-71] rec[-26] rec[-23]
    DETECTOR rec[-551] rec[-549] rec[-532] rec[-529] rec[-461] rec[-450] rec[-413] rec[-402] rec[-167] rec[-165] rec[-148] rec[-145] rec[-77] rec[-66] rec[-29] rec[-18]
    DETECTOR rec[-547] rec[-546] rec[-515] rec[-514] rec[-457] rec[-456] rec[-398] rec[-385] rec[-163] rec[-162] rec[-131] rec[-130] rec[-73] rec[-72] rec[-14] rec[-1]
    DETECTOR rec[-548] rec[-545] rec[-535] rec[-533] rec[-462] rec[-449] rec[-393] rec[-392] rec[-164] rec[-161] rec[-151] rec[-149] rec[-78] rec[-65] rec[-9] rec[-8]
    DETECTOR rec[-616] rec[-614] rec[-584] rec[-582] rec[-490] rec[-487] rec[-426] rec[-423] rec[-232] rec[-230] rec[-200] rec[-198] rec[-106] rec[-103] rec[-42] rec[-39]
    TICK
